#Subj:	333
#Run:	1
#Group:	1
#Task Version:	rev
#Reversal:	0
Contingency Scheme:	IDI
#23-Sep-2022
Run	Trial	Func	Emotion	Mag	Prob	Score	EV	RT	Clock_Onset	ISI_Onset	Feedback_Onset	ITI_Onset	ITI_Ideal	Image
1	1	IEV	clock_face	  26	8.519042e-01	  26	2.241218e+01	1216	8.126156e+00	9.357805e+00	9.519288e+00	1.029707e+01	1.000000e-01	clock_face_1.png
1	2	IEV	clock_face	  25	8.583788e-01	  25	2.160572e+01	1137	1.042450e+01	1.157463e+01	1.162829e+01	1.251360e+01	3.000000e-01	clock_face_1.png
1	3	IEV	clock_face	  22	8.754771e-01	  22	1.927006e+01	 888	1.282270e+01	1.372525e+01	1.376738e+01	1.466291e+01	3.000000e-01	clock_face_1.png
1	4	IEV	clock_face	  19	8.889264e-01	  19	1.710505e+01	 608	1.496901e+01	1.559310e+01	1.563333e+01	1.652902e+01	2.000000e-01	clock_face_1.png
1	5	IEV	clock_face	  19	8.883923e-01	  19	1.719954e+01	 622	1.673703e+01	1.737735e+01	1.743469e+01	1.831096e+01	9.000000e-01	clock_face_1.png
1	6	IEV	clock_face	  20	8.833691e-01	  20	1.804871e+01	 739	1.922263e+01	1.997711e+01	2.001733e+01	2.091362e+01	1.000000e-01	clock_face_1.png
1	7	IEV	clock_face	  19	8.882371e-01	   0	1.722682e+01	 626	2.101888e+01	2.166095e+01	2.170062e+01	2.259696e+01	1.000000e-01	clock_face_1.png
1	8	IEV	clock_face	  19	8.906518e-01	  19	1.679345e+01	 560	2.270237e+01	2.327799e+01	2.331741e+01	2.421432e+01	4.000000e-01	clock_face_1.png
1	9	IEV	clock_face	 142	3.750041e-01	   0	5.307426e+01	4009	2.462068e+01	2.864741e+01	2.868582e+01	2.958170e+01	1.000000e-01	clock_face_1.png
1	10	IEV	clock_face	  22	8.742263e-01	   0	1.945362e+01	 909	2.968739e+01	3.061367e+01	3.065188e+01	3.154845e+01	4.000000e-01	clock_face_1.png
1	11	IEV	clock_face	  18	8.949972e-01	  18	1.595820e+01	 411	3.195354e+01	3.238055e+01	3.241927e+01	3.331646e+01	9.000000e-01	clock_face_1.png
1	12	IEV	clock_face	  17	8.964764e-01	  17	1.565514e+01	 344	3.422048e+01	3.458174e+01	3.461976e+01	3.551629e+01	1.000000e-01	clock_face_1.png
1	13	IEV	clock_face	  19	8.888132e-01	  19	1.712517e+01	 611	3.562177e+01	3.624741e+01	3.628858e+01	3.718477e+01	1.000000e-01	clock_face_1.png
1	14	IEV	clock_face	  17	8.970116e-01	  17	1.554331e+01	 316	3.730064e+01	3.762880e+01	3.767164e+01	3.856861e+01	5.000000e-01	clock_face_1.png
1	15	IEV	clock_face	  18	8.950214e-01	  18	1.595333e+01	 410	3.907358e+01	3.949907e+01	3.953921e+01	4.043552e+01	1.000000e-01	clock_face_1.png
1	16	IEV	clock_face	  18	8.941100e-01	  18	1.613527e+01	 446	4.053953e+01	4.099905e+01	4.104883e+01	4.193737e+01	1.000000e-01	clock_face_1.png
1	17	IEV	clock_face	  19	8.906518e-01	  19	1.679345e+01	 560	4.204141e+01	4.261550e+01	4.265664e+01	4.355330e+01	1.000000e-01	clock_face_1.png
1	18	IEV	clock_face	  18	8.932282e-01	  18	1.630778e+01	 478	4.365865e+01	4.415022e+01	4.420022e+01	4.508867e+01	1.000000e-01	clock_face_1.png
1	19	IEV	clock_face	  18	8.947270e-01	  18	1.601251e+01	 422	4.519502e+01	4.563417e+01	4.567255e+01	4.656883e+01	2.000000e-01	clock_face_1.png
1	20	IEV	clock_face	  18	8.937600e-01	  18	1.620415e+01	 459	4.677471e+01	4.725154e+01	4.728898e+01	4.818553e+01	3.000000e-01	clock_face_1.png
1	21	IEV	clock_face	  18	8.949730e-01	  18	1.596309e+01	 412	4.849207e+01	4.891874e+01	4.897198e+01	4.985599e+01	7.000000e-01	clock_face_1.png
1	22	IEV	clock_face	  21	8.815683e-01	  21	1.833813e+01	 776	5.056210e+01	5.135243e+01	5.140232e+01	5.230236e+01	3.000000e-01	clock_face_1.png
1	23	IEV	clock_face	  17	8.965162e-01	   0	1.564686e+01	 342	5.259629e+01	5.295251e+01	5.300167e+01	5.389032e+01	6.000000e-01	clock_face_1.png
1	24	IEV	clock_face	  18	8.946016e-01	  18	1.603761e+01	 427	5.449640e+01	5.493715e+01	5.498608e+01	5.588672e+01	9.000000e-01	clock_face_1.png
1	25	IEV	clock_face	  19	8.890391e-01	  19	1.708502e+01	 605	5.678204e+01	5.740356e+01	5.744234e+01	5.833880e+01	3.000000e-01	clock_face_1.png
1	26	IEV	clock_face	  18	8.957833e-01	  18	1.579833e+01	 377	5.864485e+01	5.903828e+01	5.907680e+01	5.997391e+01	6.000000e-01	clock_face_1.png
1	27	IEV	clock_face	  19	8.918080e-01	  19	1.657872e+01	 525	6.057951e+01	6.112174e+01	6.115972e+01	6.205691e+01	6.000000e-01	clock_face_1.png
1	28	IEV	clock_face	  19	8.908222e-01	  19	1.676211e+01	 555	6.266431e+01	6.322521e+01	6.327727e+01	6.417231e+01	1.000000e-01	clock_face_1.png
1	29	IEV	clock_face	  20	8.847986e-01	  20	1.781372e+01	 708	6.428150e+01	6.500526e+01	6.504511e+01	6.594120e+01	2.000000e-01	clock_face_1.png
1	30	IEV	clock_face	  20	8.876448e-01	  20	1.733029e+01	 641	6.615092e+01	6.680575e+01	6.685533e+01	6.774372e+01	1.000000e-01	clock_face_1.png
1	31	IEV	clock_face	  20	8.840236e-01	  20	1.794173e+01	 725	6.784858e+01	6.858968e+01	6.862851e+01	6.958959e+01	7.000000e-01	clock_face_1.png
1	32	IEV	clock_face	 212	2.651532e-01	   0	5.630821e+01	4562	7.023156e+01	7.480903e+01	7.484971e+01	7.574545e+01	4.000000e-01	clock_face_1.png
1	33	IEV	clock_face	 161	3.373401e-01	   0	5.431387e+01	4194	7.615141e+01	8.036096e+01	8.040999e+01	8.129756e+01	4.000000e-01	clock_face_1.png
1	34	IEV	clock_face	 161	3.371386e-01	   0	5.432013e+01	4195	8.170275e+01	8.591311e+01	8.596068e+01	8.684982e+01	7.000000e-01	clock_face_1.png
1	35	IEV	clock_face	  99	4.898692e-01	   0	4.843651e+01	3457	8.755612e+01	9.103158e+01	9.106896e+01	9.196484e+01	2.000000e-01	clock_face_1.png
1	36	IEV	clock_face	 100	4.859084e-01	   0	4.861837e+01	3476	9.217075e+01	9.566421e+01	9.570409e+01	9.659849e+01	2.000000e-01	clock_face_1.png
1	37	IEV	clock_face	  70	6.076406e-01	  70	4.226011e+01	2878	9.680369e+01	9.969949e+01	9.973684e+01	1.006338e+02	2.000000e-01	clock_face_1.png
1	38	IEV	clock_face	  70	6.048982e-01	  70	4.242191e+01	2892	1.008414e+02	1.037503e+02	1.037885e+02	1.046857e+02	2.000000e-01	clock_face_1.png
1	39	IEV	clock_face	  72	5.954433e-01	  72	4.297271e+01	2940	1.048913e+02	1.078345e+02	1.078893e+02	1.087841e+02	1.000000e-01	clock_face_1.png
1	40	IEV	clock_face	  72	5.942560e-01	   0	4.304112e+01	2946	1.088899e+02	1.118520e+02	1.118916e+02	1.127877e+02	2.000000e-01	clock_face_1.png
1	41	DEV	clock_face	  82	3.717917e-01	  82	3.040228e+01	2859	1.129944e+02	1.158695e+02	1.159254e+02	1.168055e+02	1.000000e-01	clock_face_1.png
1	42	DEV	clock_face	  82	3.628049e-01	   0	2.976893e+01	2960	1.169124e+02	1.198880e+02	1.199365e+02	1.208254e+02	3.000000e-01	clock_face_1.png
1	43	DEV	clock_face	  81	3.891747e-01	  81	3.161714e+01	2675	1.211312e+02	1.238221e+02	1.238618e+02	1.247581e+02	9.000000e-01	clock_face_1.png
1	44	DEV	clock_face	  82	3.702539e-01	   0	3.029417e+01	2876	1.256642e+02	1.285563e+02	1.285954e+02	1.294922e+02	2.000000e-01	clock_face_1.png
1	45	DEV	clock_face	  81	3.809690e-01	   0	3.104525e+01	2760	1.296982e+02	1.324740e+02	1.325147e+02	1.334104e+02	1.000000e-01	clock_face_1.png
1	46	DEV	clock_face	  77	5.310584e-01	  77	4.108894e+01	1592	1.335160e+02	1.351254e+02	1.351632e+02	1.360597e+02	5.000000e-01	clock_face_1.png
1	47	DEV	clock_face	  78	4.885123e-01	  78	3.833537e+01	1859	1.365678e+02	1.384420e+02	1.384824e+02	1.393786e+02	3.000000e-01	clock_face_1.png
1	48	DEV	clock_face	  79	4.786928e-01	  79	3.768852e+01	1926	1.396842e+02	1.416261e+02	1.416657e+02	1.425620e+02	4.000000e-01	clock_face_1.png
1	49	DEV	clock_face	  78	4.880654e-01	   0	3.830603e+01	1862	1.429670e+02	1.448452e+02	1.448839e+02	1.457810e+02	1.000000e-01	clock_face_1.png
1	50	DEV	clock_face	  83	3.447909e-01	  83	2.848677e+01	3174	1.458871e+02	1.490793e+02	1.491166e+02	1.500128e+02	6.000000e-01	clock_face_1.png
1	51	DEV	clock_face	  83	3.286305e-01	  83	2.731944e+01	3377	1.506209e+02	1.540126e+02	1.540535e+02	1.549497e+02	2.000000e-01	clock_face_1.png
1	52	DEV	clock_face	  83	3.301163e-01	   0	2.742753e+01	3358	1.551560e+02	1.585313e+02	1.585695e+02	1.594660e+02	1.100000e+00	clock_face_1.png
1	53	DEV	clock_face	  75	6.299659e-01	  75	4.712770e+01	1074	1.605739e+02	1.616658e+02	1.617032e+02	1.626001e+02	1.200000e+00	clock_face_1.png
1	54	DEV	clock_face	  75	6.365803e-01	   0	4.751030e+01	1043	1.638065e+02	1.648668e+02	1.649047e+02	1.658015e+02	1.000000e-01	clock_face_1.png
1	55	DEV	clock_face	  76	6.018718e-01	   0	4.547056e+01	1210	1.659074e+02	1.671334e+02	1.671731e+02	1.680694e+02	1.200000e+00	clock_face_1.png
1	56	DEV	clock_face	  74	6.518009e-01	   0	4.837910e+01	 973	1.692777e+02	1.702668e+02	1.703054e+02	1.712027e+02	   1	clock_face_1.png
1	57	DEV	clock_face	  74	6.626885e-01	  74	4.899022e+01	 924	1.722111e+02	1.731506e+02	1.731898e+02	1.740871e+02	5.000000e-01	clock_face_1.png
1	58	DEV	clock_face	  75	6.408889e-01	   0	4.775790e+01	1023	1.745950e+02	1.756364e+02	1.756735e+02	1.765698e+02	3.000000e-01	clock_face_1.png
1	59	DEV	clock_face	  75	6.295418e-01	  75	4.710307e+01	1076	1.768765e+02	1.779697e+02	1.780079e+02	1.789043e+02	1.000000e-01	clock_face_1.png
